777 39 584 940 73 239 280 364 156 135 992 777 297 966 830 994 765 385 844 878 51 310 457 296 764 788 269 895 107 752 399 692 9 672 883 556 259 557 869 57 17 560 44 663 222 324 197 563 626 42
45 837 160 807 611 735 316 889 244 174 361 396 354 371 629 578 865 516 793 203 791 438 709 887 969 241 671 233 768 895 262 332 82 667 115 503 446 518 731 371 480 336 866 833 708 625 827 255 547 909
229 400 218 359 51 924 865 54 284 732 121 172 691 747 463 684 65 828 304 792 194 682 793 850 436 266 767 316 468 28 847 456 169 264 843 788 91 229 710 835 417 784 596 500 451 505 47 177 902 128
6 465 243 321 477 914 437 14 667 828 49 489 738 39 375 709 493 520 651 583 577 202 608 481 278 72 311 306 216 242 247 987 594 668 266 351 360 908 862 210 983 372 284 662 647 440 487 448 814 97
335 830 529 685 645 924 40 412 159 466 739 793 568 627 464 398 118 14 299 620 578 521 86 43 931 830 551 115 50 905 330 411 4 91 139 711 98 147 884 174 155 330 798 609 70 757 284 419 928 504
419 609 310 371 409 177 713 911 911 271 100 612 393 362 530 479 41 481 647 171 701 118 30 357 955 956 114 882 228 267 671 144 847 401 496 145 999 295 443 1 986 32 221 425 505 417 398 194 293 712
696 867 240 162 274 755 103 126 985 621 363 555 106 451 123 266 954 390 12 780 279 359 293 39 124 903 363 782 106 134 140 919 293 835 452 807 883 280 600 831 907 100 153 760 504 853 941 468 978 514
584 237 433 5 56 697 487 211 919 609 216 823 854 744 973 300 394 863 277 969 772 21 169 877 628 190 599 402 838 740 760 812 657 992 29 599 509 540 499 79 213 885 898 202 112 363 934 780 102 985
995 617 896 367 317 265 360 891 252 261 432 318 829 219 187 986 966 752 29 168 955 298 980 958 549 244 330 925 70 235 150 898 134 456 793 351 260 681 696 9 493 361 151 482 793 843 227 180 929 119
290 358 623 156 758 864 444 267 95 693 301 109 396 175 897 359 986 573 699 408 918 664 654 761 184 770 704 193 408 110 758 960 245 604 151 200 282 992 709 183 46 661 984 260 69 773 15 128 404 994
68 120 430 178 533 425 232 431 885 830 497 805 127 742 866 340 14 44 174 180 802 490 380 360 705 628 75 635 324 862 792 692 171 325 393 865 91 221 58 518 971 239 669 234 299 501 699 337 282 775
142 215 159 602 858 663 236 274 160 248 461 785 684 611 127 98 561 812 689 797 101 426 772 200 611 95 658 30 819 452 983 876 820 746 95 468 981 514 595 998 501 485 457 595 190 740 369 640 553 460
260 530 465 344 578 201 453 257 712 82 769 626 152 565 741 786 979 516 330 165 302 537 179 905 117 623 248 329 641 834 543 206 876 372 60 123 279 49 693 75 640 739 81 804 266 229 657 215 248 572
742 43 499 176 706 143 408 61 171 937 948 233 190 880 472 609 294 602 974 346 697 716 170 164 465 554 182 512 768 334 507 432 437 369 173 249 797 951 578 616 194 758 960 694 306 29 8 935 245 107
35 302 276 401 951 109 829 671 850 243 89 86 738 933 68 672 144 766 633 401 779 645 793 867 156 320 971 832 490 21 8 655 946 522 633 882 789 258 898 359 360 592 383 542 574 568 233 102 106 991
657 241 444 312 95 319 779 939 86 351 520 403 249 172 691 781 942 241 625 613 292 399 910 435 310 939 987 918 256 894 147 538 400 924 494 914 721 145 68 668 904 611 340 658 622 30 607 755 257 541
924 7 178 625 630 46 660 373 49 414 747 357 559 506 766 777 445 49 156 981 663 990 398 259 136 712 18 881 982 863 329 954 941 456 87 8 756 576 980 224 454 366 584 298 137 899 595 149 851 105
500 958 851 858 529 977 375 690 448 508 937 928 353 704 339 991 133 141 964 359 219 875 659 707 898 116 240 768 756 710 30 445 196 442 866 546 68 559 190 829 74 410 39 106 172 476 27 983 116 503
823 662 642 246 7 111 146 733 989 134 347 92 409 762 34 797 300 487 245 398 941 481 163 727 121 138 824 901 48 105 480 605 584 266 308 306 326 241 626 350 699 269 537 867 975 794 324 501 806 857
961 475 894 501 95 483 168 746 168 821 592 333 302 926 917 392 187 848 959 892 669 944 712 813 713 86 87 560 562 402 670 327 146 895 40 745 108 312 974 492 499 937 944 883 553 395 709 941 978 561
575 664 315 190 318 877 196 706 33 145 700 128 789 876 91 215 677 304 244 544 115 76 498 719 403 844 720 157 998 292 443 243 657 160 142 429 375 157 232 7 370 854 294 422 598 748 116 55 453 362
650 316 562 525 257 962 757 215 63 931 157 197 439 350 194 686 765 741 620 194 731 542 464 636 572 393 823 630 202 456 443 712 520 847 362 698 795 383 444 494 132 14 134 584 266 472 700 978 0 845
646 667 163 22 155 349 269 853 629 954 188 154 107 547 946 103 966 452 317 115 116 504 253 836 448 647 517 294 410 313 493 639 159 816 711 253 794 930 709 340 268 547 730 735 430 187 16 958 99 912
602 94 703 307 412 547 111 750 207 168 820 4 899 903 495 942 787 986 865 183 602 635 875 156 991 96 989 832 861 458 901 96 266 303 611 163 728 862 805 678 758 33 539 881 295 656 758 46 788 138
135 178 308 566 139 520 337 939 290 956 908 997 984 865 3 469 421 36 182 786 236 180 593 831 765 494 741 905 317 775 90 410 614 218 757 437 669 515 58 746 457 344 246 1 479 788 137 391 688 205
994 345 170 412 23 939 26 566 741 992 862 57 982 139 896 81 930 839 843 3 593 902 776 840 826 20 755 500 678 506 301 475 959 908 847 579 920 890 591 117 194 246 272 91 248 933 190 155 638 438
690 632 514 384 450 944 987 602 324 524 394 626 789 758 981 47 449 115 309 888 405 143 747 486 89 337 878 378 892 504 57 474 909 850 779 488 140 659 586 832 756 804 815 151 340 470 232 532 131 555
609 434 50 498 534 744 721 166 144 218 62 223 648 79 397 281 455 95 520 323 368 340 829 100 168 684 178 733 215 127 977 787 688 859 483 641 744 812 176 510 123 580 922 54 635 897 273 9 926 614
322 568 624 566 620 58 381 31 125 360 189 446 43 465 607 837 993 304 747 306 504 522 823 881 817 16 695 768 24 566 208 854 440 817 274 609 427 303 44 343 813 258 830 357 940 276 194 858 585 391
157 606 811 618 597 27 70 320 223 636 662 624 837 290 715 738 108 734 561 666 167 891 776 347 647 655 220 28 768 482 312 676 212 119 359 993 367 315 335 875 824 919 395 870 932 530 109 317 24 206
700 428 826 113 481 440 818 990 237 826 238 46 563 45 866 498 686 269 181 332 360 285 277 96 520 582 113 805 539 821 854 844 777 615 953 276 913 149 754 159 758 318 525 462 408 613 780 996 924 861
991 461 636 482 228 795 650 367 152 759 164 330 366 466 207 924 138 128 932 384 551 940 936 118 60 608 472 832 170 113 508 693 838 42 796 359 922 97 874 194 73 878 705 87 378 365 993 903 775 674
881 930 28 185 682 610 101 426 309 559 210 169 44 888 176 12 663 870 151 913 773 570 752 972 458 214 292 465 14 936 626 622 116 493 502 765 696 364 266 784 45 842 49 509 120 751 857 357 633 492
679 999 748 867 480 344 786 335 45 526 859 644 852 55 185 667 67 973 230 456 182 790 131 16 312 360 622 341 366 211 978 943 41 661 580 640 881 424 589 310 317 800 380 413 286 992 975 268 977 214
126 485 277 497 966 106 110 134 57 53 603 455 641 878 866 530 23 889 882 924 287 404 513 964 22 491 884 688 12 43 382 464 914 735 138 270 772 605 916 177 118 701 411 628 437 955 893 937 612 256
642 560 62 686 983 57 658 337 433 142 547 991 631 799 897 813 640 249 543 432 556 756 143 794 41 508 289 992 202 108 206 200 125 555 416 624 541 126 256 67 262 456 963 681 22 27 154 991 724 56
888 102 53 221 467 328 804 112 342 642 905 817 368 875 624 194 761 54 628 152 540 101 458 702 61 347 544 810 805 4 146 625 750 562 366 366 120 109 93 105 186 131 417 118 6 990 354 486 744 408
965 474 622 571 6 361 893 988 425 835 226 863 94 867 780 558 983 763 601 41 197 277 771 50 430 695 317 229 957 465 181 969 386 818 188 468 812 904 165 475 960 63 154 915 84 957 901 893 675 496
867 125 186 171 614 68 303 852 830 291 244 902 894 211 342 590 448 979 852 26 165 592 827 443 360 474 888 392 522 747 990 510 592 885 350 618 423 713 218 192 905 226 171 818 141 315 66 944 389 355
5 127 71 225 246 624 994 266 631 237 999 821 391 229 647 348 503 933 646 689 674 458 698 440 201 696 926 184 249 7 123 760 598 63 52 747 507 43 6 971 325 474 355 73 890 240 613 915 588 40
789 188 563 528 220 44 414 590 682 391 456 469 151 337 28 717 659 27 377 160 784 879 862 885 528 158 335 174 340 757 101 534 312 259 851 239 264 842 47 112 899 665 122 261 309 187 54 826 551 382
253 8 94 531 306 532 378 555 136 235 842 455 948 624 769 474 535 995 431 141 714 66 929 289 703 591 509 703 597 110 314 693 981 147 881 234 20 983 884 347 454 960 63 349 860 292 919 438 336 895
44 442 92 306 668 932 525 562 286 35 216 834 206 472 412 744 943 177 103 975 341 622 633 173 603 799 351 67 202 123 203 11 488 930 871 325 230 156 831 85 761 498 600 741 7 660 889 274 682 830
691 321 472 804 26 872 791 715 541 475 203 75 948 380 916 324 502 180 312 570 289 380 423 878 415 42 499 964 197 600 431 439 364 394 935 100 918 116 221 194 921 380 438 250 879 507 800 687 308 727
305 493 686 868 374 217 482 410 160 932 339 460 661 513 89 170 262 679 231 208 272 268 604 416 155 513 463 844 572 403 508 155 709 587 111 272 286 307 662 719 341 964 384 485 864 323 243 985 109 74
555 395 974 118 582 923 152 734 219 288 661 271 318 527 629 369 653 663 137 72 207 44 872 640 773 783 337 487 599 941 28 786 161 16 367 134 572 767 817 990 742 591 280 115 355 550 787 112 20 504
384 365 708 261 592 326 716 27 95 883 95 275 624 202 453 345 381 494 535 68 652 386 704 505 857 423 933 655 340 80 486 142 780 901 62 868 991 190 671 384 102 491 705 788 441 703 593 541 463 501
888 762 403 342 40 536 709 375 393 140 766 559 321 360 152 485 451 500 971 759 31 883 531 733 750 948 275 215 887 865 705 960 799 325 807 998 489 450 102 262 62 86 981 738 341 969 784 657 261 427
425 740 62 227 50 779 858 687 115 884 809 786 24 505 92 112 43 460 148 132 561 157 741 580 353 898 618 21 436 886 558 910 720 800 825 901 916 612 729 137 344 370 273 433 716 512 529 447 278 928
426 256 503 453 544 885 211 264 851 8 598 184 876 715 342 498 962 71 806 46 550 241 292 806 322 677 593 449 950 156 885 42 437 242 625 81 942 519 298 722 607 452 883 510 460 77 731 231 208 932
