468 873 908 285 236 459 284 146 5 257 344 988 397 946 530 597 613 413 948 435 80 378 305 853 176 124 418 174 84 614 816 629 657 744 718 360 295 572 73 782 791 207 909 427 278 47 471 499 461 765
344 839 718 396 837 310 404 392 800 351 871 599 53 784 587 457 974 495 18 140 898 739 594 813 362 625 225 558 463 8 573 3 918 21 81 182 568 462 500 461 672 503 507 179 253 672 147 105 163 569
303 87 42 597 801 946 723 160 447 149 492 643 979 42 787 636 975 835 686 38 228 90 470 604 612 368 647 971 390 556 143 577 643 339 68 182 634 240 258 151 886 400 164 361 82 771 518 743 491 732
488 195 883 667 326 5 639 768 519 640 118 784 40 694 566 42 294 830 101 664 968 675 315 401 881 122 719 457 6 873 999 680 450 212 117 68 887 398 962 509 874 416 605 35 790 711 480 170 920 903
973 473 495 743 737 922 181 594 216 908 103 986 603 187 256 38 139 740 808 620 763 374 663 566 352 805 541 714 719 417 387 143 861 61 177 808 990 568 926 315 81 699 817 645 231 336 88 478 222 497
119 610 667 139 181 482 90 475 605 898 941 127 268 185 834 527 472 616 37 47 652 445 917 722 967 54 264 782 617 822 791 66 903 343 377 377 737 895 668 463 791 36 142 9 203 566 253 131 927 864
358 866 953 59 305 410 215 495 943 187 474 9 38 568 899 445 876 207 409 913 952 319 960 296 691 224 406 478 260 36 192 456 403 130 154 680 843 612 652 976 757 696 563 524 20 19 450 584 343 296
311 658 294 834 53 551 546 696 477 676 639 106 470 483 745 819 609 387 200 644 571 456 678 874 762 240 665 614 999 856 981 237 601 7 725 822 323 234 819 132 801 544 329 799 549 75 279 275 967 736
3 442 699 484 751 625 174 94 241 762 610 52 214 619 451 176 983 197 751 423 777 762 541 215 670 76 720 211 731 380 887 360 151 895 828 890 777 688 713 506 934 269 246 607 436 293 295 858 382 940
577 918 493 650 748 609 481 54 85 646 929 856 367 370 268 860 186 273 467 867 704 510 222 763 882 480 504 173 716 155 685 598 970 982 476 807 244 476 599 668 626 221 740 306 34 919 409 251 222 476
985 997 171 929 419 359 487 596 535 652 637 637 640 325 4 393 97 114 426 782 866 885 730 440 316 987 232 791 641 263 513 610 11 640 698 580 211 53 990 907 221 193 262 689 155 661 31 509 604 311
430 650 989 47 93 911 824 147 278 917 144 449 68 378 762 225 711 663 438 285 387 912 750 123 62 695 425 364 287 900 392 536 512 919 757 244 328 470 256 442 487 597 985 719 383 335 620 348 827 365
797 734 655 647 841 749 131 521 342 400 336 944 663 898 889 435 358 429 288 506 415 363 170 298 39 166 714 808 586 828 736 427 2 96 11 302 96 105 825 999 599 158 345 312 345 767 597 8 601 531
368 322 498 484 525 143 852 600 333 150 708 402 333 485 205 818 465 564 370 198 4 944 692 940 843 776 837 870 202 461 287 727 294 428 590 365 577 518 53 32 924 174 453 545 842 475 196 250 324 556
78 780 775 173 414 128 927 496 595 981 705 204 559 923 319 101 695 113 56 990 289 892 852 315 770 485 858 250 490 445 281 164 534 531 71 593 451 633 193 243 384 382 388 409 716 228 953 508 438 801
791 998 736 11 598 722 393 891 846 770 601 260 76 846 696 936 757 996 451 839 213 228 180 246 583 809 350 709 635 480 990 291 429 312 90 313 614 905 580 818 592 46 367 899 421 208 992 974 432 992
408 202 666 702 303 358 389 298 815 517 22 853 412 852 746 665 157 812 905 936 799 69 700 793 31 876 630 258 283 223 122 92 481 760 671 425 291 768 344 955 245 717 704 666 457 336 774 916 204 511
306 190 131 878 57 374 51 458 505 943 337 162 825 900 252 163 601 769 468 783 997 682 607 934 890 269 94 91 111 498 577 67 560 867 256 126 511 655 324 89 36 6 49 474 367 442 909 830 377 635
399 465 489 955 516 388 598 922 927 869 732 779 71 534 725 980 66 710 661 35 776 868 594 232 140 37 666 60 215 967 546 944 932 446 762 725 773 45 430 989 927 141 978 321 895 202 838 982 978 442
613 676 303 87 227 477 111 401 607 692 192 436 111 528 955 721 931 383 711 375 41 637 268 931 815 194 226 211 989 82 888 688 104 908 229 903 260 84 236 766 914 516 673 701 911 756 27 926 814 91
337 758 359 946 126 685 620 874 820 614 383 74 940 335 13 555 356 940 970 185 520 677 340 523 996 258 727 278 650 113 93 121 480 882 791 414 361 713 122 958 521 351 41 388 101 487 347 329 482 92
100 250 347 299 554 348 319 702 662 866 446 366 143 440 776 826 407 360 433 789 962 74 256 831 220 522 114 357 119 814 960 142 498 869 956 193 817 797 204 22 702 292 160 712 244 149 97 316 766 526
268 488 856 774 548 804 80 634 929 826 685 436 596 577 799 928 872 337 45 860 954 944 373 705 535 104 674 110 961 623 230 692 799 152 88 534 824 938 627 325 709 251 866 423 830 678 615 663 341 205
74 893 485 380 791 213 373 177 429 34 891 144 534 436 179 385 161 133 121 372 58 247 302 34 57 771 670 795 859 386 905 247 569 411 613 919 875 571 654 955 981 350 129 995 746 206 508 946 789 171
885 19 848 38 1 428 894 147 857 872 647 398 788 54 659 625 663 415 512 338 570 804 867 339 330 320 951 736 790 844 337 489 249 477 681 462 92 712 904 763 931 709 196 662 304 248 580 264 551 148
325 930 443 634 870 277 141 408 691 856 158 609 128 204 657 353 456 522 255 188 778 215 962 496 405 238 261 754 924 848 40 862 56 444 550 451 956 508 614 818 95 977 117 178 139 359 928 88 82 639
505 515 964 801 803 919 510 163 939 975 86 7 77 248 858 619 495 17 607 887 632 859 637 404 772 183 525 346 414 516 756 151 283 267 564 262 495 737 514 46 475 728 774 567 427 851 513 457 239 813
926 695 302 528 727 482 286 947 551 427 35 974 116 402 6 160 678 618 952 926 217 347 555 706 319 99 246 880 32 518 223 328 127 445 877 319 291 638 606 828 592 327 373 446 315 487 783 307 426 128
457 325 107 754 263 758 137 951 704 722 730 518 570 54 406 497 446 580 859 413 221 39 303 423 463 370 350 393 846 713 270 423 92 138 727 165 243 252 102 106 600 990 441 418 68 46 722 824 607 607
553 259 769 221 424 93 385 363 975 250 807 924 101 51 682 407 671 724 949 114 1 925 183 294 834 36 305 827 304 821 265 273 883 379 226 731 182 782 654 873 431 81 762 698 136 187 877 559 756 519
153 566 471 844 664 36 933 626 609 501 79 880 41 642 754 751 593 37 886 927 954 2 718 339 659 679 685 159 762 807 10 727 787 774 900 568 527 848 753 541 560 248 249 129 325 953 861 982 896 337
376 822 202 809 350 685 146 420 286 784 764 774 681 232 815 709 177 820 501 746 813 751 22 358 387 654 978 785 573 55 389 575 988 53 931 937 133 95 234 851 398 868 985 234 577 187 940 258 168 54
340 170 876 840 84 736 943 87 903 462 800 116 152 219 745 138 659 986 779 991 595 663 453 572 985 372 231 841 367 115 627 180 936 934 51 45 343 884 440 801 485 140 99 787 718 115 317 552 750 872
906 331 831 829 725 922 863 118 593 615 365 317 529 602 603 213 742 957 958 331 729 21 395 717 530 419 231 488 62 865 352 486 211 537 243 486 853 921 302 303 481 272 511 240 920 547 286 288 903 105
507 793 56 150 690 743 308 520 971 709 592 89 449 295 395 692 701 874 451 762 390 659 231 837 390 9 522 81 38 310 576 81 51 373 898 371 242 723 187 981 36 202 846 66 784 623 545 499 76 320
190 652 849 735 592 460 326 348 697 389 194 345 730 919 928 46 548 919 560 883 20 397 931 141 562 884 415 657 431 43 559 550 836 474 528 604 213 800 435 919 652 719 988 356 861 384 94 645 52 526
855 417 951 198 281 9 404 385 568 824 595 113 189 538 136 567 756 773 326 807 951 778 299 593 441 812 573 241 624 160 471 576 923 791 748 256 989 224 603 596 858 273 664 47 417 181 314 558 956 176
331 743 128 746 63 591 764 172 637 842 405 636 938 164 75 555 457 574 161 819 295 465 39 163 380 711 715 414 281 78 703 516 595 752 416 81 354 358 653 474 676 31 219 385 968 303 543 509 630 213
255 106 917 1 825 501 76 43 14 561 535 969 283 321 287 902 231 492 543 983 932 718 982 639 745 706 899 95 810 781 883 86 38 967 284 832 502 71 100 142 993 615 180 829 210 559 188 122 818 515
557 387 820 136 484 281 875 390 437 98 360 979 502 707 535 673 531 515 277 162 149 768 331 582 871 756 250 900 203 660 813 715 837 543 984 256 644 160 378 162 910 767 437 759 431 357 522 10 205 551
345 635 11 768 440 183 705 351 932 256 632 575 595 178 286 172 369 140 686 309 351 579 138 590 684 675 707 966 993 604 74 40 247 442 803 895 198 180 70 155 167 865 336 645 770 16 877 768 226 825
87 537 510 152 249 169 898 827 976 362 681 95 174 852 537 149 692 365 123 950 938 438 611 167 630 641 299 984 299 543 668 153 132 436 234 283 199 294 280 119 827 24 792 948 522 62 463 649 486 558
719 23 951 414 795 647 247 747 366 478 66 710 90 460 179 82 572 919 985 197 899 131 730 185 983 792 891 63 677 391 447 143 24 750 16 316 397 289 152 526 271 887 986 847 955 816 555 283 81 13
869 127 40 194 680 488 843 255 284 630 709 712 416 105 219 231 278 955 207 457 236 369 960 770 144 420 498 163 305 941 452 798 783 407 964 376 297 728 62 740 502 818 37 733 897 14 80 56 792 953
620 808 830 279 937 178 789 310 365 954 82 924 456 142 552 200 815 751 767 683 15 9 419 794 611 60 43 971 950 581 923 329 670 661 634 286 688 831 262 350 741 886 778 517 354 366 677 580 797 542
57 458 475 496 621 64 618 546 804 611 799 7 982 432 474 970 419 160 280 288 174 608 274 427 68 822 74 952 49 417 148 761 600 340 365 918 832 460 149 875 218 949 325 601 585 681 44 836 208 268
585 145 569 272 502 337 919 91 456 516 244 20 935 590 312 167 22 174 521 703 400 190 42 727 843 690 412 823 563 222 711 815 960 92 477 687 80 648 599 813 553 349 1 444 598 336 506 32 128 756
530 510 551 618 291 620 985 759 596 438 222 48 369 183 4 513 98 368 49 54 329 511 452 621 3 870 669 227 244 776 110 171 941 314 861 50 199 765 390 16 829 792 746 997 497 324 902 704 620 759
67 231 252 48 608 291 469 726 139 826 618 957 383 493 615 291 160 481 699 140 552 733 306 249 797 498 399 516 658 541 478 573 891 927 661 319 753 802 333 516 471 780 985 552 228 146 902 244 999 717
259 615 771 30 75 873 200 999 881 836 966 893 257 309 804 300 393 836 432 114 584 78 69 983 227 674 30 230 476 204 705 366 576 405 334 899 525 203 561 347 213 645 525 935 117 762 614 782 603 932
