11448038 12945513 13218686 10762013 11518608 10917915 12137405 11477503 13910347 15061012 11304711 12863818 9257664 11498456 12595266 12332293 12199959 13728596 11906990 13615982 12126077 13317030 12677475 12610001 11928019 11035944 12517246 12076973 10668651 13354648 12356329 11210065 11495773 12400316 12500895 11274354 11343375 12703580 10696997 14204458 14620198 10250631 12766429 12410156 12249317 9645914 13093049 11945890 13453328 12139379 
12032661 12969388 15820548 12538381 12698603 12450221 13201509 13046478 16351597 17061802 13721988 13459909 11338648 11904681 13802907 12564610 12865087 15163022 13184373 13659613 14581836 13397752 13432756 14084822 14383915 12826510 13537663 13546881 14020277 14217022 14278992 10567762 14657140 12441173 13028441 13266776 13495549 14368030 12423277 14425026 15806758 13238088 13007764 14607130 12947116 10724241 13712445 12849322 14695440 13942621 
9241460 12660741 13153862 10049333 12246202 10683986 10645616 11211952 13698227 14044424 11938908 11220469 9033292 11640843 13019519 12044791 12399931 11921166 10807972 13354904 12604287 12039336 12018283 12143864 13640457 10671716 11456901 11679075 11837920 11895359 13042363 9602514 11827230 12063631 11601962 11059274 11995858 12891949 9848041 12317435 14519859 10646297 11924266 12084621 11420892 10308380 11947310 11528222 11943405 11841870 
9932529 12209199 12544746 11023626 11351360 11449215 11011606 9806529 12943708 14705836 11865156 11595969 9885105 10167302 11843399 10927651 11113007 12881092 11392574 12702213 12609948 11963443 10490535 11654068 12631568 10712361 11868772 11641252 12143052 11121934 12293589 9051690 13029969 12061417 11185480 11433413 11206155 12282014 9919143 12917025 13648375 10438340 11391956 11679456 11461068 9108283 12145070 11178144 12422358 11775214 
9818035 11102576 12912148 9326673 11003448 10272347 10549665 10430497 12205832 13932292 11051804 12041938 8591473 9386261 11957141 10637506 10582377 12096502 10592940 10073521 11781224 12227600 12069934 11269370 12041138 10814797 11145969 11697632 11345229 12011065 11399453 9381318 11578796 11043398 10449675 10807222 10600569 11249621 10179411 12202428 12864212 11066523 11249860 11642290 9467293 10011574 10304224 9029747 11746459 11692425 
10017159 11981831 12602958 10433616 10270437 10141012 11220343 10185675 13304846 13892357 11134008 10387446 8439990 9603268 10987806 9885228 12165346 12158512 11610113 11664646 12185152 11312118 11310081 11877520 11803766 9483513 11132959 11372650 11719098 11329927 10838226 9074861 11302360 11373852 11721309 11035259 11355659 11618103 10534357 12737704 12837462 10348685 9595106 11110951 9897156 8159151 11800634 10912504 12110070 11736058 
10791665 12834384 13517768 10914266 12409275 11228585 11504787 9970368 13148597 15008120 11653603 12574781 10169825 11382758 12464462 11248275 12210323 13519838 12598084 12546149 12664230 12412820 11547257 14321790 12813106 12243418 10985430 12791703 11934074 11257600 12474232 10719614 13680227 13103450 13834622 12209253 12120080 13080522 9889069 13642767 13727266 12668973 12286241 12024166 11523751 9853868 11821207 10923915 11630474 12953014 
11381538 13848124 15908408 12568118 11807876 13450413 13331204 11888610 15470105 16023394 13485074 11874276 11214470 12720709 13784593 11863865 14002809 14280029 14175550 14079343 13745618 13256155 12865785 13565512 14917433 12911848 13681442 13114771 13465459 12722202 13607456 10752552 13603400 14139568 12624637 13344042 11709870 13975472 11483642 14533456 16155869 11523613 12935028 14566848 12831947 11305031 14142959 13920600 14174588 13297660 
10806279 13830773 12814811 11998616 12305208 12188037 11131402 11310204 13887222 14793656 12055323 12630247 11805008 11718290 12529726 12639466 12711194 13950447 12450717 14052061 12549371 12122116 11213432 13395228 12060851 11103743 12513987 13208208 12277201 11986144 12901999 9495743 12753350 11967001 12411018 11672690 11919148 13574813 10731743 14559492 14247496 11116565 12001915 12798450 11303543 9835677 13078140 12191743 12586493 12013460 
9521139 13017003 13355643 12410052 11666891 12232470 10717645 11926988 14417907 15769951 12242595 12446879 10330015 11058657 12745790 12418465 11444782 13352163 12055028 13334314 14674058 11214026 12072554 12480761 12735157 12087966 12416686 11182534 12290469 11417998 11930183 9480832 12866901 12533372 11162100 12181343 12818979 12347815 10529702 13119995 13296582 11237776 11878869 12448307 11111823 10926237 12647965 12448397 12299967 11442403 
9442979 12118110 12249645 10615293 10818559 10463796 11637834 10568196 12999738 13458037 11314913 11133354 9621150 9404604 11084900 9897483 11268352 11638744 11811055 11184193 10966362 11497822 10807195 11204132 12649700 11052928 11501199 12240670 11865266 11073197 10281717 9519398 11930432 11286463 12187013 12105651 10236968 12012954 10079654 12220964 12369389 10814742 10871869 11788848 10185976 9242137 11866490 10740476 10521418 11309208 
11673467 11733660 14665851 12770790 11260634 12092870 12794753 11779190 14767015 16028395 12255491 13090946 10383831 11372343 13739249 12443649 12224458 14059616 12685457 13610553 14460476 13631441 12279594 13420446 13519218 12909657 12542716 12654919 12433106 13457145 12798218 11288434 14465823 12899199 13010538 11781463 12659352 12723666 11419067 12781499 14964112 12176821 13227321 13203351 12678141 10565286 12637365 12575754 14264268 12523926 
9281967 11110600 12199947 10170855 10601305 9858161 11131391 9961477 13149872 12877573 11366798 10699206 8195612 10069428 11011313 9499498 10825281 11834652 11307556 12384724 11899615 10627275 11371126 11416063 11362569 11171361 10367033 11772895 11011471 11239544 11043162 8415651 11266135 11185015 10742454 10782977 10889391 11946110 9720078 11899889 12344026 9747354 9452753 12757377 9748474 7692950 11463386 11709862 11820004 12673974 
11505977 12092397 12384260 11786274 10892683 11075074 12012980 11638206 12899606 14218822 11188466 12572279 9302640 10165942 10032043 11629158 11001942 13342204 12277869 12720964 12839143 11769180 11834474 12152980 12362242 11970277 12030024 10921782 10991252 11865174 11511693 10120765 12146439 13074254 12490963 9947182 11184076 11444661 9800547 12103475 14111300 10131257 11796980 12626000 10784722 8945325 12023244 11551711 12380433 11291221 
11196760 13343900 14716188 12721342 12868254 13226146 11028386 12487230 15310553 15640749 12817528 11447929 10213374 11723135 13210468 12082692 13231888 14801793 12832398 14991522 14058264 12899984 12366157 13870256 13778981 11648296 12383907 13050130 12624597 11756275 14256780 9866747 12720961 12127220 12390403 12721578 13646594 13225087 11330191 13577990 15201445 11689273 12356635 13932598 12495825 10245595 11765241 12910509 12802822 13007843 
12394309 14475410 15286828 12558676 12502380 12469415 13041163 12256803 16687542 15611503 12115099 12586385 9881695 12227883 14344404 12178638 13755730 14457588 13244469 14670005 13247021 12862601 12919609 14289675 13722969 11723390 12285288 13708350 12858784 13429601 13051128 10901440 13949129 12156865 13657340 12547084 12372830 14351053 11682163 14554628 15093522 12567483 14029729 13975465 12841490 9661956 14467796 13092934 13237356 13761077 
11524238 13028322 13647767 11485314 11572837 11234500 11419521 12187523 13861828 15094006 12149675 13383096 9868173 11159202 12335774 12286303 12040336 13534299 13697625 14509346 13048751 12533001 11081685 13031766 13543298 12098599 12108541 13134134 12427173 12135358 12568586 10839887 12408130 13206836 12104485 12160329 12068346 12340418 10430817 14471006 14262560 11674677 12136675 13309309 11197711 9071189 12635338 11759645 13581727 11970559 
11607513 14211397 14243451 11743767 11754366 12874099 12567002 12956386 15558767 15360611 13724954 12532273 10060779 11214509 13546354 13398705 13323958 14183944 11353012 12377758 12730430 13839182 12264649 13394999 12353884 11686223 12227696 13822351 11373287 13830916 14070896 10558284 13783148 11381684 13176761 11435427 12650433 13264781 12408028 13593451 16399575 10689016 13140933 13469158 11579686 10436679 12663937 12600825 13860946 13290267 
9939787 12508116 12644631 11121163 12180994 11222988 11679351 11174569 12998935 13736528 11636721 11723196 9598577 10677909 11521943 11380659 12155490 12975792 12633089 12127621 11427830 11457362 10779123 13268261 12537849 11002698 11295627 12355336 11702909 11338577 13052308 9284883 12231820 12356838 12952137 11340472 11581039 12561158 9408613 12570026 14178270 11367046 10857497 13369049 11068217 9613891 11694717 11856017 12395837 12971569 
12426073 14320792 15855626 13537136 14053596 13349636 15330488 14215815 15943594 17223260 14816710 15146738 12431489 13970216 14433870 14254966 14341325 15644037 14681689 14850943 15025073 14445804 14656513 16128272 16120153 14100674 14706707 14178843 14456652 15884006 15569086 12585593 15754031 15598001 14797724 13973513 13822826 15155887 11683489 14468505 18675667 13129690 14450539 16279750 14458522 11905573 14741222 14282818 16524484 15059107 
8667661 11117777 11256103 10296730 9917679 9224405 9435546 9823007 12454796 12220361 10775385 10011611 8254928 9196809 11392458 10038585 10386535 10614383 9801728 10738379 10562128 9944214 10752964 11143173 10589659 9537010 9420776 11853311 11259704 10556275 10588161 8514438 10087947 9366761 9790714 9565441 10012755 10473136 9261678 11154639 12005090 9851387 9914962 10720509 9333680 8377681 9820489 10301504 10907536 10953542 
11489347 13068656 14774357 12164568 11535822 12400251 12033737 11180124 14925606 15071285 12261926 11713069 10336075 11283024 13054358 12619046 11913029 14336927 12272486 13515723 13434124 11870410 11845027 14041127 12861200 11583600 11927093 12128173 11064822 12196374 12791391 10366479 14735711 12125187 12759872 11558337 12372197 14064331 11435752 14229155 14913026 10972809 11902787 12361907 11150241 10559791 12866666 12090010 12907258 12884780 
10055839 12785180 13376239 11101537 11393478 11203809 11747836 10366331 13386503 14654636 12308264 11669635 9270644 10734089 11157788 11660954 11816103 12738700 11048521 13132542 13158395 11293512 11944664 13284881 11658921 11854382 12379272 10312080 11599295 11661036 12338014 8910417 12535872 12404089 12833294 11463146 11448560 12380338 10019230 11818287 13919250 11170042 11919517 12679047 11567269 9400417 12391393 11646650 12229477 12086154 
13137265 13013427 14310759 13839862 13280492 12912672 13672834 13347051 16237730 17311825 13304367 14341065 12480230 12497523 13479228 14651791 13403803 14754352 14522579 15500803 14498495 14272704 13436196 15124092 14941237 12684919 14323304 13724501 13614787 15111305 14025883 11758545 13932800 13811080 14624909 12295596 13133271 14553677 12326290 14561824 16053087 11945648 12218739 14109209 13100806 11334616 14575371 13477864 14776965 14392443 
11439120 13617927 13605093 11312094 11400432 11379113 11873463 11010393 14181847 14283809 12127910 11855957 9625236 10345363 12709232 12267460 12353327 12490911 11451504 12780023 11417858 13611662 11037260 12386710 12653757 11037018 11670959 13984143 12237542 12086508 12946012 10527264 12065058 11965336 12631346 11489901 11216217 12157116 11962051 14103828 14603738 10889400 12647368 12815811 11301012 10384801 12031897 11267069 12860211 11487048 
11407104 14228543 15546059 14215700 12500822 13000266 12564943 11952705 16107434 17609056 14829592 12850216 12192246 13013116 13858694 13829440 13283153 14422666 13705361 15883522 15372278 14490865 12575625 14449577 13880806 11866775 13503587 12755512 12673209 13453833 14921842 10603343 14534662 14828078 13895312 12783580 13253243 14871090 12588974 15735509 15917093 10673254 13132668 13119231 12861689 11294442 13505288 13654134 15025768 13507763 
11457529 14641288 15855375 12678046 12543758 13718648 12966265 12173170 16242658 15467995 13591295 12650441 10640507 12232830 14442116 12483166 14460757 14211982 13062771 14270953 13618454 13971359 13244903 14373110 15185317 12032765 13226602 13947178 13055956 12951900 13913392 10251055 13182274 12720324 12120419 12681721 12637215 13433090 11170534 13704479 15924856 12499015 14133634 14102780 13268301 11192043 13112111 12760749 13365404 13710407 
9699369 12279024 13749696 10871177 11176328 10527279 10588596 11328470 13543113 14304604 10486207 12172594 8808895 11103761 12651916 10511130 11937871 13015647 11784540 12768543 13164122 10499911 10716040 11468190 12145863 10475945 10610411 11573426 10795003 10759662 11228935 10045779 12612752 11437805 10712390 10510386 12272951 12389404 10354913 13432821 12705959 10652934 12534296 10398902 11150743 9734707 11883577 10788930 11811658 10367889 
11356539 12311723 14242242 11754943 12054204 11609345 12609934 11360794 14729160 14504711 11159865 12449872 9702314 10809953 12324331 11099069 12152294 14059545 12852756 12789319 12344427 12030738 11268608 12359677 12163391 11849685 12424912 12536691 11516125 11756244 11654470 9326379 13650699 11813822 12088107 11166436 12055652 13749429 10337935 13173682 14070902 11845970 13575464 13203670 12355410 9478871 13547665 12714654 12135555 11617061 
11201503 13138334 13139895 11824355 12436818 11368928 12283300 11674382 14548638 15267524 12232553 13054527 10711661 11380538 13257020 11649953 12937194 13657515 11277154 13526945 12593194 12611795 12000004 12700222 12673578 11970198 11819311 13451205 12849812 13128735 13143309 10660567 12894621 11839789 12163152 11401344 11718472 11975510 10600767 12576853 14492171 12023490 12497898 13153554 11920335 9810557 12575923 12262033 12303227 12963550 
12121770 14048806 14669014 12213860 12881372 12845568 13198963 12677419 15680345 16114161 13718349 13741280 11057772 11707715 13851095 12946815 13596271 14773101 14277673 14880933 14470561 12596037 12620558 15156418 14448927 12589476 13396392 13596054 13672473 13201745 12672147 10607933 15055215 13118568 13643386 13455704 12361438 14317087 11832399 15067770 14918742 13091818 13461739 13788448 11507337 10555441 14914762 13095205 14054827 14218854 
10816922 13593911 15130091 11160138 12463941 12430121 11895245 13017969 14890229 15682267 12698166 12318078 8970680 12030775 13564285 13363923 12778756 14216139 12516128 14356518 14781460 12650022 11873113 14180808 13976548 11560496 12323100 12292392 12157749 12516636 13876694 10774025 14565051 12870238 12665379 11471355 12882905 13624768 10989737 14080295 15852612 10811987 13671954 12936781 11385886 10569028 13359443 12084354 13378034 13492846 
10028043 12545300 13412965 10950858 11128536 10227153 11554506 10887833 13921808 13913159 12375648 11668509 10436459 11994136 12147479 11957959 12062911 12821101 11756740 12662662 12373171 12923561 11174968 13944185 13005287 11858895 11130691 12356125 11305187 11063979 12695794 10199919 14521964 12278018 12790536 12229506 11845914 13448929 10582347 13481068 14510152 10238201 12216030 12540953 11553783 9859752 11151308 11670356 12137764 11501469 
11680017 13642164 14060051 11990899 12843789 11720255 12409907 12031081 14447169 15956642 12068215 12907714 10799635 12853857 13859324 12290744 13017252 13605791 12497334 14824301 15269553 12697814 12085552 13489120 13590730 12876098 11838411 13437800 11748039 12647297 13703839 11346614 13982222 12475069 12547154 11657839 12735356 12946147 11785625 14167451 14605620 11768900 13077026 12158063 11232248 11214117 12742260 11835219 13391027 13030574 
11482446 12770935 14152947 12358554 12801215 11629296 13134201 11771073 14199474 15808775 11807361 11521986 10318833 11869343 11748914 11546785 11790391 13318399 11644500 14200388 13420722 13522103 12322676 13220021 12976352 12938053 12176401 12965065 11829443 12468186 13368130 10765819 13543594 12649159 11535300 11715181 13227026 12926148 10961805 13102249 14793160 11090289 12055378 13815699 13444082 10563462 12249065 12434994 13801534 12616609 
11001347 12593408 13312932 10560624 11667780 10979382 11129078 11897679 12504986 13712375 9800977 11415081 7899436 11714964 10672711 9670376 11142224 12934686 11505465 12407694 12272578 11505135 12283359 11419126 10964834 11739855 11901853 10853785 10352365 11787131 11566787 8968546 11245250 11607551 11732885 10162042 11722481 12465459 10038760 12812638 13327996 10697137 12536116 12648439 11425776 8615824 11731359 10948708 11999533 11606417 
9077215 11792416 11906027 10753770 9835326 10446571 10017572 10124092 11787157 12378482 10472494 10025384 8564354 9708321 10221106 9930048 9423970 10724908 11158477 11222276 10612656 10919476 10278017 10562102 10035341 10295717 10157923 10596528 9314878 9617180 9537485 9226719 10721937 10472152 10931261 10325510 10196951 11098317 8791168 12644190 11445603 10068794 11339755 10965828 9634152 8294303 10585721 10582311 10207582 10110149 
11879450 14222316 15103539 13786916 11947165 13025231 14492534 12343537 16056625 16991405 14409464 13147862 12316783 12735555 14208532 13847796 13665401 15107096 13158928 14561141 14422755 14342505 13091140 15335238 14215791 13606671 14001440 13720138 12782289 14081946 12970691 12773271 16259412 13221369 14787173 13082403 13358814 14623499 11485117 14544724 15975336 13718913 13935808 13958570 13467746 9747470 15208502 13533779 14050074 15214029 
11122228 13130974 13865365 13657512 11771266 12843145 12404467 11379181 14742504 15777922 11787311 12420520 10015649 11620334 13345772 11881777 12613852 13386892 13026660 13806807 13528492 12766316 12118156 12739623 11919462 11289578 12675632 11595574 11976880 14265513 12410465 10344117 13675238 12515789 13611288 11731766 12017486 13977509 11453793 13014972 14079222 11108870 12815075 13357521 12371985 9260471 14014543 13367676 13754907 13558216 
9604213 12663454 13366621 11214421 10288503 10558708 11000865 10610934 13523138 14550206 10084820 9484174 9105230 10842501 12108513 10147098 11231486 11426366 10594477 12622006 12647456 12531763 11781130 11289859 12652808 10687361 10477865 11758742 11671710 10602647 11760027 9452252 12422879 11661552 11996449 10355972 11355278 12071085 10318833 12257723 13233706 11137234 11765889 12170860 10391346 8694683 12053848 11344235 11255585 11548886 
8805163 11796534 11143874 10377175 9501253 10504557 10668749 10194340 13314398 12516419 11119967 10012721 8945682 9117525 10765553 10882075 10747387 11532271 10619060 11275923 10904091 10992764 8868561 10846523 10351143 9788827 11122819 10773415 10389920 10681220 11108617 8172761 11267463 10703823 11830638 10013996 10105226 11766317 9438585 11717308 12924472 9200172 11209760 12003942 10192211 7418962 11509926 11633528 11312394 10987050 
11203783 13723586 13800936 12597523 11081618 12562852 12808381 12366918 15526981 16508968 12644271 12373413 11656516 11448284 12633200 11746840 12182246 13951209 11886898 15512594 13848852 13360705 12261084 13855366 13833830 11473006 12645256 13514056 12747917 12683538 13494561 10119120 12522773 12403044 12485664 11554455 11142179 13249208 11690135 13784340 14202115 10964874 11612746 13538902 12130640 10251190 14074829 12065287 13084491 13505163 
10058287 11210027 13209940 9260045 10730914 11560215 10956050 10570501 14166212 14848270 11197483 10188186 8836274 10356670 12734361 10801713 11639172 12901331 11188587 12024860 12902579 11061745 12006694 13119085 12302183 11311756 10792706 11256977 11833172 11827436 11796987 8934768 11033743 11499898 10806317 11569026 11577640 12836165 9709870 12364953 12385560 11379126 10937990 12649485 11495823 9363358 10787572 10756902 11888856 12291995 
11020126 13645347 14355397 10816248 12023858 10905893 12147614 11714505 14837967 14520329 12503622 11603316 9739139 11553421 12741702 11480389 13007283 12663514 12036631 13625258 12476762 12118699 11066507 13816585 13269735 10370671 12414965 13085740 12254127 12375132 13390931 9579761 12972030 11551075 12483360 12282370 11938576 13158063 11443267 14039946 15115214 10951349 12269779 12461089 11850167 10155204 13291753 12312693 13434835 13115911 
10285644 11272597 12723119 11293896 11270932 10418826 11696414 10243796 12466589 12510509 10101395 11637944 8569264 9959969 10811665 10051719 11379985 12070963 10703488 12418169 12010865 10737194 11079931 12102869 12183772 10107526 10436432 11984435 10409733 12029997 11416995 9104129 11643956 10982753 10628131 9164467 10807730 11574113 9981993 10681284 13808041 10133542 10908601 11782495 10008419 9512442 11402743 10269460 11789452 11610286 
10302099 12248710 12825193 10919087 10828998 10906576 11037166 10284023 13870298 13988373 12570152 12192855 11254349 9954777 11751298 11793844 11930225 12427247 10947403 12445246 12052424 12520347 11345858 12878830 12884775 11376784 11959103 13786250 12507096 11996603 11920116 9518492 12656413 10659748 11571473 11751127 11200246 11379901 10931831 12123991 13730346 10819647 10696164 12446158 10261361 9196352 12695212 11087699 11274747 12246372 
11425833 11656703 15020319 11628092 12384357 12098302 12353822 10641189 14147859 14774206 11487598 11588560 10200940 11061990 12368877 11218770 12206194 13579677 12435656 13669994 13563976 11567025 12608346 12626464 12828758 11662875 11860605 11939410 11611567 12007875 11837270 10304117 13506105 12358221 11404962 10940644 12461209 13554106 10798365 13319551 14484752 11624164 11890375 12453660 11115555 10383583 11810631 11383432 12420401 11981664 
11928844 14179703 15244622 12935556 12892425 12575698 12688195 12625451 16648341 16451335 13700099 12998244 10737800 12089464 15047969 13521980 13838285 15143426 13731654 13901236 14140740 13324127 13372484 14043589 13247435 12773027 12755924 13549901 12951055 13535407 13838042 12477026 15002989 13156815 14263452 12973845 13003825 14481077 11998788 16796431 15744256 13141634 13887976 13956880 13401334 10648079 13755157 13946315 13894866 13358762 
10797172 14313838 14860411 11990231 11594779 12024666 11993499 10749868 15185490 15615436 13567405 11537603 10074271 10381095 13205053 12115919 12899331 13938157 11868927 13841064 13999555 13183467 12435366 13675316 13789429 11919731 11645561 12694581 12893826 11704840 12784530 10567308 14280515 12483234 12876835 12516815 12245933 13559684 11473532 14178567 14219674 11699751 12880025 12333171 11282625 10424696 12265427 11647658 13180229 12296814 
11090816 12457007 13826800 11803675 12123440 11520482 11866630 12072019 14538975 14656745 11769258 12549257 9502742 10998467 12014385 11310545 11790098 13431982 12675243 12473047 13284108 11108141 11912938 12722185 12667663 11700169 12530624 12368614 12697965 12649161 12665340 10084796 12018553 11957900 13004088 11172040 12474714 12300341 11450226 13456365 14377065 11045387 11215947 12473491 11386788 10108868 12902558 12340996 12867228 13221133 
